330
329
327
328
330
333
332
332
333
333
332
332
330
329
330
332
333
330
329
330
330
331
332
331
330
330
331
333
333
332
331
331
331
332
331
331
331
333
330
331
331
332
332
330
329
330
331
332
332
333
332
332
331
331
332
332
332
333
333
332
332
333
333
332
332
332
332
332
332
332
332
334
333
332
333
332
332
333
334
333
332
332
333
333
333
333
333
334
334
335
335
334
333
334
334
334
333
334
334
335
335
334
335
335
336
335
334
333
333
335
336
334
333
335
335
336
336
338
340
339
336
335
336
337
338
338
339
339
340
340
341
342
340
340
341
343
344
346
348
348
348
347
348
351
351
351
353
352
350
351
351
353
355
356
355
355
355
356
357
358
358
358
359
361
362
363
363
365
367
365
367
367
366
367
368
369
370
372
372
374
376
376
377
377
377
377
377
379
380
381
382
384
384
385
385
385
385
385
386
385
384
382
382
380
381
382
384
387
387
386
386
386
388
388
388
388
389
388
389
388
389
390
392
393
394
391
390
391
392
393
394
393
392
392
391
391
391
390
391
391
388
387
386
386
387
389
390
392
393
393
393
392
391
391
391
389
388
388
387
390
390
390
389
388
389
388
388
387
386
383
383
385
384
383
385
384
385
385
384
383
380
380
379
382
384
383
384
383
378
379
379
377
378
380
381
382
380
379
381
378
378
377
379
380
378
374
373
373
373
374
374
373
372
372
372
369
369
370
368
369
368
368
368
367
363
363
365
367
368
369
369
370
370
370
370
369
370
368
368
370
368
366
367
367
370
374
377
379
380
378
373
369
365
367
370
374
374
373
372
373
371
371
371
368
369
368
365
364
362
367
369
366
367
367
367
368
368
366
369
371
370
369
368
368
370
368
371
373
371
370
369
370
371
369
371
370
368
369
367
369
372
370
369
372
370
370
371
371
371
370
370
369
370
371
367
369
371
370
369
368
368
369
370
370
368
368
369
369
369
368
369
367
368
367
367
368
367
368
368
369
369
367
367
368
366
368
369
371
368
366
367
368
368
368
368
367
370
372
371
370
369
368
371
372
375
375
374
372
370
372
372
372
373
372
372
370
368
368
368
368
368
370
370
372
371
371
373
370
368
370
367
367
369
370
372
372
371
370
368
367
367
366
368
370
371
372
372
371
371
372
372
373
371
370
370
368
367
368
371
371
372
374
375
374
371
371
370
371
373
373
371
369
368
368
368
368
368
367
367
369
371
370
369
369
368
368
368
368
367
369
369
369
371
369
368
369
368
366
365
367
370
373
374
373
372
373
372
370
371
372
375
375
376
377
377
377
377
377
377
377
377
377
378
379
380
381
380
380
382
381
381
378
377
376
375
377
380
382
385
386
384
384
386
385
385
384
382
383
384
384
387
386
387
386
385
386
386
386
386
385
385
385
387
387
386
387
387
384
382
382
381
382
382
381
381
381
380
379
379
378
376
379
379
375
374
373
372
372
375
377
376
372
368
368
367
369
371
371
370
367
363
362
363
362
360
357
355
354
353
354
353
352
351
349
346
345
341
335
336
337
336
340
336
331
332
330
325
323
318
313
317
319
319
321
317
312
309
307
303
300
300
300
305
307
304
300
295
288
283
285
291
302
305
302
297
293
290
290
292
295
300
294
287
282
280
283
291
297
293
284
281
279
278
279
278
279
288
293
282
274
269
269
273
275
274
274
274
274
275
272
271
270
267
265
263
263
263
264
262
262
262
263
263
264
263
264
263
261
258
255
256
260
262
262
262
261
260
258
254
253
255
257
258
257
256
256
258
261
261
261
258
257
258
258
260
258
257
258
260
259
258
258
257
259
261
261
261
260
260
259
259
260
259
261
263
261
260
260
261
261
261
262
264
265
266
268
267
263
261
263
266
266
266
267
267
267
268
267
266
268
269
270
269
267
267
268
268
268
267
265
265
267
268
269
268
265
265
267
268
269
270
271
268
268
271
270
273
273
272
272
273
275
275
272
270
272
276
277
276
277
277
274
274
275
274
275
277
276
277
278
280
278
277
275
274
273
274
275
276
275
275
275
273
272
275
275
273
273
273
274
275
275
275
275
278
278
278
276
274
273
274
276
278
279
278
279
276
275
275
275
277
279
279
276
276
274
274
278
280
279
278
277
276
277
276
275
276
275
278
277
275
274
273
276
276
277
277
280
281
279
280
279
276
275
276
276
276
276
276
277
278
277
276
276
276
278
279
279
276
274
273
275
279
279
278
276
273
275
277
280
278
277
278
278
279
279
276
274
275
277
278
279
279
279
279
277
272
270
272
276
279
281
279
276
273
273
273
277
278
279
280
278
277
274
275
278
278
278
277
275
274
275
275
276
277
276
277
277
277
277
278
278
275
274
274
273
276
277
277
276
276
275
275
275
276
275
273
273
274
277
276
274
272
272
273
273
273
275
276
276
274
272
272
271
272
271
273
273
272
271
271
271
272
273
271
268
269
272
273
269
268
267
266
264
268
272
272
267
259
258
263
265
264
263
260
259
256
256
257
259
260
263
258
261
266
263
257
253
252
254
253
255
260
260
256
253
248
245
245
244
246
252
255
253
249
245
245
245
246
246
249
249
249
247
249
251
248
245
245
248
254
255
254
252
251
251
252
252
253
253
253
254
254
254
256
258
259
261
262
263
262
261
261
264
270
273
276
280
281
281
282
279
279
280
283
288
292
297
300
302
301
301
304
304
302
303
307
313
316
317
318
320
323
323
324
325
326
327
330
334
336
339
341
344
347
347
348
349
349
351
352
353
355
357
359
358
358
360
362
364
366
366
367
367
366
366
368
370
372
372
374
374
375
374
375
375
375
376
378
379
380
382
383
383
382
382
383
384
385
386
387
388
386
386
387
385
384
383
386
385
385
383
384
385
386
388
390
390
389
387
385
385
385
386
387
387
387
387
386
387
387
385
384
385
386
386
387
388
389
388
387
387
387
387
388
389
387
387
387
385
388
386
384
382
382
384
386
384
386
388
389
389
388
384
382
382
380
379
377
381
385
388
392
392
390
388
388
388
384
381
381
383
384
384
384
383
383
382
382
379
377
376
377
380
381
383
382
382
381
379
379
379
379
379
380
382
381
379
377
378
379
379
380
384
385
385
385
383
382
380
377
378
379
381
382
380
379
378
377
378
377
378
379
380
377
375
378
382
385
386
386
382
381
381
381
382
384
383
383
383
381
382
380
377
378
379
381
380
377
378
378
379
378
377
375
374
376
377
376
378
377
376
376
375
377
379
380
381
380
378
380
377
375
376
374
371
375
379
381
382
382
381
381
376
375
376
378
381
382
379
377
378
376
380
382
379
377
376
379
378
379
382
380
379
377
375
376
376
378
379
378
379
381
383
378
376
375
373
375
378
380
381
381
379
378
378
380
378
379
379
380
381
378
377
376
376
375
377
376
379
381
380
379
380
381
381
381
381
380
378
377
377
378
379
380
380
380
379
379
379
379
380
379
378
378
377
378
377
376
376
376
377
379
379
378
378
377
377
376
376
377
379
378
377
377
377
376
375
375
376
379
380
380
379
378
382
384
383
382
380
381
383
384
384
383
381
381
381
383
384
385
385
384
383
384
383
385
387
388
388
387
386
386
385
385
385
386
386
386
386
386
386
385
385
384
383
383
383
383
384
385
385
384
384
385
386
385
384
385
385
385
385
383
385
384
385
387
387
388
387
386
386
385
388
387
387
387
385
384
384
384
385
385
385
385
383
383
383
383
381
380
380
378
379
380
380
378
379
378
377
377
378
377
377
376
377
377
374
373
372
372
374
374
372
371
370
370
369
369
365
364
363
363
364
364
364
363
359
356
353
352
353
354
355
354
353
349
348
346
343
343
343
346
344
340
339
337
337
337
337
337
333
333
333
333
334
332
331
328
325
322
324
325
322
320
319
317
317
315
312
310
310
312
312
309
305
304
303
304
306
301
296
293
296
301
299
293
292
289
287
287
289
296
292
283
284
285
284
285
284
279
281
282
277
276
280
281
281
281
276
274
274
272
274
275
274
274
275
277
276
274
272
271
272
272
270
269
269
267
269
271
271
272
272
271
270
268
267
265
263
264
263
263
263
267
267
264
261
260
259
260
261
263
264
262
261
260
257
256
258
260
261
261
261
259
261
260
261
261
262
263
262
262
260
260
260
262
263
263
263
263
263
263
262
262
263
264
264
263
262
261
260
260
262
264
266
265
264
264
265
266
266
265
265
266
267
266
267
265
266
269
270
269
269
270
271
270
269
270
269
267
269
269
271
272
271
269
269
267
267
267
267
269
268
267
270
271
271
269
267
266
265
265
263
268
273
272
269
266
266
266
267
267
265
265
266
265
265
262
262
264
265
265
265
265
265
268
272
273
268
267
267
269
273
274
272
272
271
270
271
273
275
274
273
273
276
274
270
270
271
273
274
273
274
272
270
270
272
273
273
273
273
271
269
268
265
266
269
272
271
269
269
269
268
268
268
270
271
271
269
267
268
269
268
268
269
270
272
273
271
272
270
269
272
274
273
273
272
269
270
272
273
274
271
271
271
272
271
270
269
269
273
275
275
276
271
269
266
269
271
274
274
272
270
267
265
266
265
269
272
271
267
267
267
270
271
271
273
272
272
270
271
272
272
272
273
273
272
270
268
272
274
274
271
270
270
271
273
273
270
268
268
271
273
272
271
268
267
269
272
272
272
271
268
268
268
270
272
271
269
267
269
269
272
272
271
272
271
272
272
269
270
271
272
272
271
268
269
269
270
271
270
268
267
268
269
271
271
271
269
269
270
271
273
272
273
272
270
269
270
271
272
275
273
267
267
269
272
272
270
269
269
269
268
270
271
269
267
269
269
267
267
267
268
270
270
268
267
266
268
270
272
272
272
270
269
268
270
272
273
273
272
268
265
263
265
268
269
268
264
263
262
259
260
266
265
263
261
258
262
266
266
266
265
264
264
264
266
267
270
269
268
265
264
265
266
269
267
264
263
262
262
262
261
265
269
267
265
261
259
261
261
263
266
271
274
272
268
266
261
262
261
260
261
261
262
262
262
261
260
257
254
256
257
257
257
256
255
256
257
258
258
261
264
265
265
265
266
268
266
264
265
267
269
271
272
273
274
274
275
275
276
278
280
281
282
284
285
285
287
287
287
288
287
288
292
297
299
299
297
299
301
302
304
306
306
307
308
309
311
312
313
315
316
316
317
320
323
324
326
327
326
326
328
330
332
335
336
335
335
336
336
334
334
337
338
340
343
344
345
345
346
347
348
348
349
351
353
356
357
358
358
359
358
359
360
361
362
363
363
361
362
366
367
366
366
366
367
368
368
369
369
370
370
373
372
374
374
375
374
372
371
372
374
375
377
380
380
380
380
377
376
375
377
378
378
378
380
384
387
386
385
385
385
385
387
388
387
389
390
389
386
382
382
383
385
386
386
388
390
389
388
386
384
384
384
384
386
387
388
389
388
385
385
386
385
385
385
386
388
387
388
385
383
383
381
379
382
380
379
379
376
374
374
379
380
381
383
385
383
381
380
377
376
376
379
379
381
382
384
385
381
380
384
384
383
382
381
378
377
380
382
383
386
386
386
384
381
381
380
378
377
377
378
379
379
379
380
380
379
375
376
378
377
379
378
377
378
378
378
380
379
376
376
374
373
372
370
372
376
377
381
381
382
378
375
378
377
375
378
380
380
378
376
378
379
378
381
380
378
378
378
380
381
383
384
384
378
373
374
378
378
377
375
371
371
372
370
371
374
376
375
373
372
372
372
372
371
373
374
373
374
374
375
375
376
377
377
378
378
378
378
378
377
376
377
378
376
375
374
374
375
374
372
372
370
369
368
366
364
362
361
361
360
360
360
360
359
358
355
353
352
353
353
353
352
352
351
349
348
348
347
346
347
345
343
344
342
339
335
332
326
325
322
320
320
316
312
314
314
308
302
298
292
288
295
296
293
293
283
274
270
266
266
269
265
259
254
247
244
249
245
240
238
236
235
233
235
238
234
234
233
229
228
225
225
225
223
222
224
224
225
224
226
222
221
220
229
232
230
230
233
235
235
232
237
238
237
242
244
245
240
235
232
233
239
246
253
253
248
247
248
249
249
251
262
266
266
264
267
269
273
277
280
282
283
282
283
282
281
282
285
286
283
280
279
281
286
286
284
281
269
263
268
275
280
280
276
275
277
274
269
261
261
264
273
275
271
266
259
251
251
251
250
256
258
258
255
250
242
235
230
221
223
228
235
236
231
225
220
215
212
209
208
211
211
211
210
206
201
199
197
198
199
197
198
203
207
208
209
208
208
208
209
213
214
217
222
226
232
241
244
248
251
257
262
263
265
271
275
280
285
289
294
299
300
303
308
314
319
323
326
326
327
329
331
334
337
337
339
341
344
345
347
350
349
348
348
351
350
352
355
358
361
360
357
355
354
351
349
351
353
355
355
355
358
364
361
355
353
352
352
348
347
344
345
345
342
340
341
341
339
341
344
344
345
348
348
351
351
353
355
358
361
363
362
361
364
366
366
362
362
362
360
355
353
356
358
359
357
355
354
352
348
344
340
337
336
335
334
334
330
326
323
322
317
315
313
312
310
307
306
303
302
305
310
316
319
318
316
311
307
304
303
307
311
315
314
307
303
295
288
286
287
288
286
285
275
268
265
263
263
265
267
270
264
252
242
236
234
234
234
235
233
230
220
213
209
205
202
197
199
205
209
211
214
212
207
204
202
204
204
206
207
210
211
212
215
215
211
210
213
218
223
224
226
224
221
220
225
235
241
242
241
236
238
244
247
250
253
253
253
255
250
256
262
268
276
277
275
281
288
293
294
294
293
291
287
285
284
284
286
281
279
272
269
267
270
272
274
279
279
275
272
262
255
254
259
265
274
279
272
262
255
249
242
241
242
245
244
239
234
233
228
221
214
210
208
205
203
195
188
185
185
187
187
184
184
186
186
192
197
197
198
204
206
206
207
209
209
212
217
221
226
232
238
244
246
249
256
264
267
271
272
275
279
284
288
294
301
306
306
305
307
310
314
317
319
320
324
328
329
330
329
334
339
342
346
349
352
354
351
352
355
357
358
361
364
366
371
369
370
371
368
365
364
366
366
364
366
366
363
364
365
367
366
361
361
355
352
354
349
350
349
350
349
345
342
341
339
336
333
334
332
338
342
342
347
352
356
362
362
358
357
355
358
362
364
370
374
368
365
367
367
365
367
366
364
361
356
353
355
356
355
354
354
353
351
351
348
344
341
338
335
335
337
338
340
340
342
345
348
346
344
343
343
344
345
347
349
349
349
345
341
343
348
350
351
353
351
348
348
346
340
337
336
334
336
335
333
330
332
332
328
328
328
323
318
319
319
313
308
302
298
297
303
308
308
302
298
294
290
289
287
285
283
283
282
280
277
276
273
267
262
258
256
257
258
258
257
253
256
255
250
247
245
246
249
254
254
250
246
244
241
239
239
239
240
240
241
239
237
235
240
242
241
241
240
240
243
243
243
240
238
240
242
243
247
246
245
244
245
248
251
254
258
259
264
262
263
266
263
263
265
267
269
268
268
270
272
271
268
265
264
266
267
269
272
271
267
271
276
278
278
276
276
278
277
276
275
277
278
279
284
287
287
281
279
276
276
277
275
273
275
273
273
271
271
271
270
270
270
273
276
279
273
265
262
264
273
282
288
283
276
262
250
238
241
251
259
260
256
251
244
238
233
230
226
223
226
227
225
223
213
225
215
212
212
216
221
222
226
226
224
221
223
225
225
229
236
240
239
242
246
248
246
242
240
242
246
249
251
255
256
260
265
268
272
276
277
279
281
284
287
288
293
299
306
314
316
315
315
316
318
321
323
325
326
329
332
333
335
338
339
341
342
342
345
349
349
350
350
346
350
350
350
351
353
357
356
357
354
352
355
356
356
356
357
357
360
360
356
352
348
347
348
350
351
352
349
349
347
347
347
348
346
347
345
346
347
346
348
346
344
344
344
343
344
344
349
347
346
346
347
346
347
348
351
353
355
353
349
349
348
351
351
354
352
352
350
349
349
349
351
351
346
344
345
347
350
350
355
356
358
363
367
368
369
368
369
371
373
372
369
365
363
364
364
363
362
364
365
365
364
364
364
362
360
355
353
352
354
355
351
347
347
347
348
348
344
344
344
345
344
340
338
339
338
335
331
332
332
329
324
322
319
315
318
320
316
312
311
308
304
300
298
300
300
300
297
293
286
282
279
277
274
273
272
266
263
261
261
264
269
262
255
251
252
254
258
256
253
252
250
246
244
245
244
245
246
243
241
241
242
243
242
244
245
245
243
244
249
251
250
248
246
244
243
245
245
245
246
247
245
246
246
245
244
243
245
248
247
248
250
250
250
255
258
259
260
261
264
263
265
268
271
276
276
277
280
283
283
284
281
278
280
289
294
295
292
288
283
285
287
288
287
282
276
274
274
275
275
272
269
272
273
272
267
265
262
258
257
266
267
262
254
246
245
244
250
257
260
260
252
242
235
233
236
244
250
255
257
255
250
243
239
240
244
244
248
252
255
257
256
255
254
253
256
258
259
259
261
259
261
263
267
272
275
275
275
279
282
285
285
284
284
284
286
288
290
292
293
295
299
301
301
300
301
301
301
304
309
312
317
321
321
322
321
321
322
322
322
323
326
332
336
340
342
342
342
340
338
334
335
334
335
337
340
343
340
340
338
338
338
337
338
336
335
335
334
333
334
335
337
338
338
339
337
337
337
337
335
335
337
338
344
342
343
343
342
341
340
338
339
343
344
344
344
346
345
345
343
344
341
340
335
341
345
342
341
345
346
343
341
339
348
341
335
335
338
337
339
342
347
350
349
355
348
342
342
344
345
345
340
340
339
336
334
336
333
336
342
347
339
342
338
328
340
346
342
336
338
343
347
355
342
334
330
327
325
331
335
337
334
371
376
369
358
347
341
336
333
331
332
332
334
334
343
349
351
349
347
342
338
337
338
338
338
341
342
344
344
345
343
339
335
335
336
337
340
339
338
336
335
335
335
337
338
338
343
346
347
344
342
343
343
341
338
337
338
338
338
338
338
337
336
334
333
335
337
338
341
344
344
343
342
341
342
341
340
342
342
341
339
337
336
337
337
337
339
340
341
343
344
343
342
340
339
338
339
339
338
338
338
339
340
339
340
340
340
340
339
339
339
339
341
342
343
343
340
339
339
340
340
339
339
339
338
338
339
340
338
337
338
339
340
339
338
338
338
338
339
340
340
339
339
338
339
341
341
340
337
337
337
338
338
339
337
336
337
339
339
340
339
340
339
339
339
340
340
336
337
338
338
337
337
339
340
339
340
340
338
337
336
335
335
336
337
338
340
341
340
340
339
338
338
337
337
337
336
337
339
340
340
339
338
338
338
338
338
338
337
337
336
336
335
335
336
337
336
336
337
339
339
338
338
338
338
339
339
338
339
338
338
337
337
336
336
335
335
336
337
338
338
338
339
339
339
338
339
339
339
338
338
338
338
337
337
336
335
335
335
335
335
335
334
335
336
336
338
339
339
338
337
336
336
338
338
338
338
337
336
335
336
336
336
335
336
335
335
336
336
337
337
336
336
337
338
337
337
337
337
338
338
338
338
336
336
335
335
335
335
335
334
335
336
337
338
337
338
337
338
338
338
337
337
337
336
336
337
338
338
338
337
336
335
334
334
