326
325
326
326
326
327
329
330
331
331
330
330
328
326
326
326
327
325
324
325
326
330
331
330
330
331
331
331
329
325
324
324
324
326
327
326
327
327
326
325
325
327
328
325
323
323
325
326
328
328
327
324
323
323
326
324
323
324
323
324
324
326
325
324
323
323
323
322
322
323
323
325
326
326
325
324
323
325
325
324
322
322
323
322
321
322
322
323
324
325
325
323
321
323
321
320
320
321
320
322
321
321
320
321
321
320
320
318
318
318
318
315
314
315
315
316
317
319
321
318
315
313
312
312
312
312
313
312
313
313
313
312
310
309
309
310
312
314
316
317
315
313
313
315
315
314
315
313
310
310
310
311
316
316
315
315
315
316
317
316
316
316
316
316
315
315
315
315
317
315
315
315
314
315
314
316
316
317
317
317
318
317
316
316
314
315
316
316
317
317
320
321
322
321
320
320
321
320
321
321
320
319
318
317
317
319
320
322
322
321
319
319
319
318
317
320
321
322
324
321
322
322
322
322
321
319
319
319
320
322
321
321
319
319
319
317
317
317
317
316
313
312
311
310
312
315
316
318
320
317
314
312
309
310
311
311
312
314
316
319
321
319
315
314
315
314
313
315
317
318
319
323
324
324
325
326
328
330
332
332
331
333
336
339
343
345
347
346
344
344
343
343
345
347
348
349
346
346
346
345
345
344
345
347
345
341
339
339
340
342
340
338
341
342
341
339
337
335
334
333
332
332
333
331
328
328
329
331
337
342
346
349
348
347
345
342
341
336
335
335
333
333
336
340
348
357
364
368
366
358
348
339
331
332
335
340
341
343
346
350
350
350
349
342
340
335
331
329
328
334
337
335
337
336
337
340
339
340
343
346
346
342
340
337
335
333
335
337
337
336
336
338
341
338
339
338
336
334
332
335
339
338
339
344
342
341
342
341
341
339
337
337
340
340
338
341
345
345
343
343
342
343
343
342
339
338
338
341
341
340
339
337
337
335
331
332
331
335
338
341
342
340
341
341
338
339
340
342
339
338
339
342
343
342
337
333
334
338
336
337
336
337
342
344
347
346
343
339
336
340
343
346
348
347
343
338
332
331
331
332
335
339
342
346
346
346
348
342
339
338
334
335
338
343
345
346
344
341
336
332
331
331
333
337
339
342
343
344
344
344
343
339
335
330
326
324
324
328
336
340
342
346
349
347
343
343
341
343
345
344
342
339
336
333
331
333
335
336
340
346
350
350
346
344
341
339
337
336
335
336
337
338
340
340
339
338
336
331
327
326
328
332
335
337
337
339
338
335
335
338
339
339
341
341
340
339
337
335
333
333
332
333
333
334
335
335
334
333
333
330
329
326
324
322
322
323
325
327
330
332
329
328
330
329
327
324
322
322
325
327
330
331
332
333
332
332
332
330
329
332
331
331
331
329
329
326
327
328
329
330
330
331
330
330
329
331
333
331
330
329
329
328
330
328
325
323
322
324
327
331
332
329
326
322
321
321
321
320
323
324
325
325
327
328
329
329
330
335
336
336
335
334
332
329
328
325
324
323
325
329
332
337
334
328
328
328
329
330
326
321
322
326
327
327
325
323
321
319
317
314
316
321
326
325
320
313
307
303
303
312
326
341
346
339
333
327
322
319
325
329
332
324
318
315
318
325
337
343
335
324
320
321
325
331
336
341
349
348
331
315
306
310
321
329
334
334
333
332
332
327
322
321
321
322
325
330
335
337
335
333
331
331
332
333
332
333
333
333
331
330
330
336
336
339
339
339
338
336
332
331
332
335
338
337
338
340
343
346
347
345
341
339
339
340
341
339
336
335
337
336
337
336
335
337
338
339
339
336
334
332
328
329
326
330
334
332
330
330
329
330
330
331
333
334
336
338
337
330
327
329
335
337
336
337
339
340
340
338
337
339
341
341
338
334
330
328
327
327
325
323
322
320
323
322
320
320
319
324
326
328
330
332
329
329
335
339
341
342
338
338
340
342
340
337
333
332
337
341
338
335
335
331
329
332
332
332
335
336
336
337
337
335
333
333
331
332
332
330
329
328
328
329
327
329
332
333
329
326
326
330
334
335
333
334
337
337
337
335
331
329
332
332
333
335
334
335
333
332
330
332
333
336
333
330
331
327
330
336
340
337
332
327
325
330
334
333
335
330
333
333
326
322
322
326
330
334
337
342
344
341
339
333
327
326
327
329
334
336
334
332
332
331
329
329
331
333
336
335
332
328
327
327
333
337
334
329
325
327
333
339
336
333
334
331
332
330
329
328
330
335
338
341
339
337
333
328
320
317
320
325
330
334
334
332
330
330
332
339
340
340
339
334
329
327
330
334
335
334
331
328
327
328
329
330
332
330
335
337
337
338
338
336
331
329
328
328
330
332
330
331
330
331
332
332
333
331
327
329
335
338
335
330
325
325
329
331
334
335
336
334
329
327
328
327
330
332
334
338
335
332
330
329
330
330
328
326
332
344
347
342
336
329
327
322
331
338
341
342
331
329
338
338
334
327
320
325
324
330
336
337
336
336
332
341
353
352
345
336
332
330
325
334
345
347
341
337
327
321
320
319
328
342
348
347
341
333
331
328
325
324
326
328
327
327
329
331
329
328
332
333
336
336
331
328
327
327
328
327
327
331
330
330
329
328
328
328
326
322
319
320
317
316
319
323
330
335
337
337
334
329
323
315
311
311
315
322
327
331
329
326
324
321
323
322
317
318
321
329
331
330
329
324
317
313
309
307
305
305
306
312
316
317
319
323
326
325
325
322
320
318
317
316
318
319
319
318
317
319
320
321
319
319
317
316
315
313
315
316
318
319
318
317
315
312
311
313
312
312
313
315
315
317
320
319
317
316
315
318
320
320
323
323
320
320
319
318
315
312
314
313
311
309
308
311
314
317
319
321
319
316
313
313
312
314
316
314
315
317
316
319
318
319
318
321
324
326
330
333
334
332
330
330
331
333
335
336
335
335
335
336
338
335
330
328
328
333
338
338
341
344
345
346
343
336
331
329
325
323
325
336
347
358
367
369
364
358
355
349
340
332
331
332
332
333
333
334
333
332
331
329
327
327
332
337
340
341
341
340
337
333
335
337
338
343
346
348
349
343
340
341
343
345
349
354
358
359
359
355
351
347
343
343
344
347
345
342
341
341
339
341
339
340
342
341
340
342
351
358
364
364
358
349
345
342
341
344
349
351
352
351
347
347
345
342
345
348
350
350
347
347
347
347
345
343
341
341
346
349
349
349
345
344
342
340
344
349
352
354
350
347
345
339
333
332
329
329
339
349
357
358
357
353
348
342
339
342
347
353
353
349
344
342
340
344
347
345
342
343
348
349
350
354
351
345
339
336
337
338
342
345
346
349
351
353
348
344
342
338
341
344
347
349
349
350
348
350
350
349
350
349
350
348
344
338
333
331
332
335
338
344
348
348
345
345
347
348
348
348
346
343
339
336
337
341
344
345
346
346
346
349
353
357
358
358
356
351
347
344
342
340
340
342
345
346
345
344
343
344
345
346
350
354
354
352
350
346
340
335
333
333
334
334
333
332
331
336
341
340
339
339
339
340
342
341
338
336
335
333
335
337
337
337
337
336
339
340
344
347
348
347
346
344
342
340
338
338
340
340
339
339
338
337
335
334
330
329
327
327
326
327
328
327
328
328
330
330
329
328
327
326
324
323
320
318
317
316
319
322
323
324
324
323
323
326
326
325
324
323
322
321
321
323
325
324
323
321
320
319
319
319
317
316
314
313
312
313
312
312
313
313
311
311
310
310
311
314
315
314
314
315
317
320
319
317
315
316
318
320
320
317
315
315
315
317
319
319
316
313
311
311
312
316
320
321
322
318
316
315
312
311
312
313
315
316
311
306
305
307
309
310
313
315
319
324
326
328
327
324
321
321
320
322
325
322
320
318
317
319
320
320
322
327
329
331
327
321
319
321
327
330
323
318
320
326
332
327
317
315
312
313
320
327
335
327
315
319
324
325
327
325
318
320
320
320
322
330
334
335
333
329
325
325
321
324
326
327
330
335
337
337
335
333
333
335
333
329
326
324
324
329
336
340
343
345
343
341
336
334
331
329
330
332
331
332
338
335
332
328
327
327
331
337
342
342
336
331
328
326
328
331
337
338
339
337
336
337
337
339
343
344
345
342
339
336
337
338
342
344
344
344
342
340
339
340
339
340
342
341
338
335
332
333
338
344
348
350
348
345
342
341
342
339
337
335
338
340
340
339
333
333
337
336
337
336
336
336
331
329
329
332
333
339
342
348
350
346
340
336
330
329
329
333
335
337
338
343
346
344
339
334
330
329
328
323
333
342
344
338
331
330
330
333
333
328
327
330
331
334
332
328
334
337
338
334
332
329
334
342
341
336
332
329
332
340
342
340
340
337
335
336
339
341
339
336
336
339
336
332
332
336
341
344
343
342
336
334
334
338
339
339
338
338
335
328
326
320
323
333
341
343
338
335
333
328
327
330
335
338
338
335
331
334
334
334
330
333
335
336
334
331
328
326
328
336
339
340
339
337
334
333
336
339
341
337
337
338
340
336
330
329
330
335
340
342
343
335
329
324
328
336
342
342
339
332
324
322
324
325
333
339
340
333
329
330
332
331
332
335
336
336
333
332
334
332
330
334
337
337
335
332
336
341
339
334
330
332
332
334
333
331
329
332
338
340
337
334
329
329
332
338
341
340
338
332
328
329
334
335
334
331
328
330
332
336
336
335
335
333
334
334
331
334
335
339
339
337
334
336
336
336
337
336
331
326
325
328
333
336
337
336
334
335
338
340
337
337
335
332
329
330
334
337
339
336
330
329
333
336
336
333
333
333
333
332
336
339
336
334
338
337
333
333
334
335
336
334
332
328
327
330
334
338
338
336
332
332
330
335
339
342
343
339
333
330
331
336
343
344
341
335
331
329
323
332
342
344
341
333
326
333
339
341
340
336
332
331
330
332
337
341
343
340
334
331
333
336
342
346
346
342
338
335
333
328
335
348
352
352
344
337
334
331
329
331
338
347
349
345
340
335
334
330
330
332
335
340
340
342
344
341
337
332
332
332
333
333
332
330
331
332
333
334
337
341
341
343
343
344
343
338
333
330
333
338
342
344
345
343
342
340
336
336
337
338
338
339
339
338
336
336
334
333
330
328
328
330
333
333
328
324
323
325
326
328
331
329
328
327
325
325
324
324
326
326
325
324
326
328
328
329
328
325
322
323
325
328
332
331
328
326
325
323
320
319
322
322
325
327
327
325
322
319
317
317
315
315
318
321
324
326
326
325
324
322
321
320
320
318
317
317
314
315
318
319
318
317
315
314
314
314
316
316
318
315
317
316
316
314
313
310
309
310
312
314
319
321
326
325
322
320
318
317
318
321
324
325
325
328
331
336
333
330
329
329
328
328
328
325
325
323
321
316
312
310
313
316
318
318
322
326
327
327
326
325
325
325
325
329
330
333
335
333
330
330
331
328
326
325
324
326
328
328
325
323
325
323
322
327
329
329
329
326
327
330
336
338
341
345
348
346
341
337
331
329
329
335
338
343
348
350
351
344
343
349
351
351
350
345
339
337
340
346
350
355
358
359
356
350
346
341
336
331
332
334
339
343
347
349
351
350
349
351
355
355
357
357
358
359
360
359
359
353
345
338
330
322
317
316
322
333
341
348
351
350
342
336
337
334
331
334
339
341
339
339
342
343
342
346
345
343
343
344
346
351
356
358
356
345
336
337
341
341
337
334
331
332
335
338
344
351
355
353
348
343
338
335
331
325
323
322
321
324
329
333
338
343
345
346
345
344
343
341
340
340
340
341
342
341
340
342
345
348
349
348
347
344
343
340
336
333
332
332
331
330
330
330
330
328
329
328
325
326
327
326
325
328
329
330
332
333
333
334
335
336
334
336
338
339
339
342
343
339
332
332
335
337
337
342
347
345
341
334
334
331
332
344
350
349
345
334
324
320
319
324
331
335
339
340
336
336
340
333
325
321
322
325
325
326
333
336
338
338
333
326
319
317
316
318
325
337
346
350
348
348
340
337
339
354
358
358
362
363
362
361
353
357
361
357
358
358
354
345
337
334
340
348
362
374
373
357
349
341
337
330
330
342
345
343
333
334
337
344
346
349
349
349
342
341
334
330
333
341
341
333
326
320
327
334
331
330
325
309
309
321
334
342
339
328
323
319
317
315
308
312
328
349
358
350
340
335
326
336
339
342
353
352
350
345
338
336
340
336
333
345
361
378
383
374
362
356
351
348
347
349
355
359
360
356
351
345
343
345
345
345
343
344
350
357
360
363
364
359
355
351
351
350
345
342
337
335
341
339
338
337
339
339
332
328
328
326
323
323
323
328
331
328
326
326
328
327
328
329
329
327
326
324
323
324
324
326
327
328
328
328
330
331
328
325
327
328
332
337
345
349
349
341
337
328
318
310
310
311
313
315
317
325
331
328
326
325
331
336
336
335
333
333
331
318
314
311
310
308
311
313
313
313
313
307
301
296
295
294
302
310
317
321
327
331
337
337
335
334
331
330
326
326
335
345
353
351
347
346
340
334
331
327
324
323
325
326
327
327
328
331
332
327
324
324
321
321
318
317
314
315
318
330
338
341
340
337
334
332
328
330
338
345
349
352
349
349
347
344
344
341
338
337
333
328
330
336
345
348
356
362
368
365
349
336
326
324
329
332
341
348
349
344
338
336
329
320
319
331
347
359
363
368
358
348
343
340
343
346
354
361
370
375
374
378
371
361
354
352
358
365
361
362
356
345
344
353
368
379
379
367
355
352
355
358
357
358
352
345
336
328
331
338
343
349
340
332
336
342
349
348
344
336
331
326
328
328
333
335
332
329
321
317
321
327
332
336
339
333
325
322
317
310
314
329
341
357
366
355
345
342
338
342
347
360
369
370
366
363
368
370
369
368
369
371
373
373
364
355
355
359
366
370
367
362
363
364
366
369
365
362
361
361
359
357
357
356
355
357
357
355
355
354
350
343
339
341
344
343
342
337
334
333
335
336
342
346
346
338
330
326
327
331
335
336
334
332
335
332
329
326
325
326
325
328
329
329
328
326
325
331
328
326
330
329
331
335
332
334
337
336
333
331
329
329
329
330
330
327
327
329
332
332
328
323
318
318
320
318
320
321
322
319
313
307
300
291
279
276
276
277
285
291
299
308
317
323
331
330
327
327
328
334
341
348
356
359
350
341
336
333
332
335
333
327
321
317
319
328
335
341
342
343
340
335
329
320
312
304
300
297
295
296
300
308
314
324
332
340
342
339
337
334
328
325
324
323
328
330
328
327
327
329
331
334
337
337
334
335
334
328
325
326
330
334
335
335
331
331
330
332
337
339
337
334
333
335
331
327
326
327
331
341
352
354
350
352
348
343
338
338
341
345
347
351
352
352
349
347
340
334
332
333
336
341
346
344
339
339
338
335
332
335
342
350
357
359
355
349
350
350
348
349
351
352
356
355
354
354
352
353
357
355
352
352
350
355
354
351
348
344
345
351
354
357
359
352
349
347
344
344
342
345
349
347
343
340
337
333
327
334
342
345
348
351
353
355
353
346
341
342
344
345
344
345
339
331
332
337
340
337
333
330
329
327
321
318
321
325
329
340
350
350
346
342
338
337
334
326
325
329
333
331
328
325
320
316
312
310
321
331
338
338
329
325
331
351
393
397
392
380
364
341
321
332
350
362
369
364
359
353
353
355
360
363
367
376
380
376
370
377
357
365
363
366
374
379
380
384
380
378
375
375
373
370
375
381
384
386
392
400
403
400
392
383
376
371
366
363
363
362
362
364
364
367
368
364
360
358
355
350
342
338
339
343
349
351
348
347
344
341
341
339
338
336
335
336
335
336
337
337
336
336
334
336
340
340
339
336
329
329
328
325
321
322
324
327
327
325
323
327
326
323
320
318
320
326
325
321
316
310
307
308
309
309
312
311
311
314
317
318
317
311
308
300
294
291
290
287
283
279
277
273
271
275
281
289
291
290
287
287
285
284
286
292
302
309
311
311
312
315
319
321
323
323
325
324
321
316
311
309
302
295
293
299
308
315
320
327
325
325
327
329
330
330
326
323
324
327
327
324
321
320
319
321
321
321
326
329
329
329
330
329
326
323
316
312
316
323
325
319
311
306
308
313
318
318
323
329
333
331
327
326
332
334
334
333
332
329
325
327
326
329
334
342
346
343
340
339
337
339
339
344
349
350
348
348
347
348
351
350
350
351
350
348
344
340
342
346
350
353
346
339
337
341
344
349
349
344
345
346
344
346
345
344
345
348
343
340
341
347
348
347
352
356
357
355
356
364
366
365
361
360
355
351
351
349
350
351
350
352
354
353
356
354
350
350
351
349
345
350
348
351
355
359
358
359
356
356
349
346
343
341
342
339
334
334
337
338
339
336
331
336
350
359
355
347
343
338
342
346
346
344
335
322
315
317
319
319
316
316
325
338
346
343
342
333
327
324
345
364
369
356
343
334
331
339
354
370
379
370
353
338
327
329
339
348
361
368
363
356
344
337
339
344
346
350
354
355
356
352
348
342
338
340
343
344
343
342
339
339
343
346
349
347
340
335
337
340
341
341
339
340
341
343
344
343
342
341
343
346
346
343
338
334
329
325
327
331
336
342
345
345
344
343
340
340
335
331
329
334
339
344
347
348
347
345
344
339
335
332
332
335
338
338
341
339
336
334
335
332
330
328
327
328
330
330
332
334
336
339
339
339
338
333
332
331
328
327
326
327
329
334
335
334
334
331
331
331
327
328
332
334
333
334
337
337
336
334
328
320
335
323
325
336
331
333
340
343
341
335
334
341
329
321
316
316
320
328
334
338
344
346
350
345
338
337
345
351
346
335
331
330
325
322
319
318
327
339
351
353
347
323
305
329
336
330
320
322
334
340
333
321
319
315
313
314
318
320
318
317
319
337
344
341
332
328
321
313
309
312
320
327
329
332
332
336
337
338
335
330
327
327
327
329
330
331
335
337
338
335
329
324
323
324
326
328
328
326
322
319
318
318
318
322
318
323
332
333
328
327
330
332
330
328
327
326
327
328
329
328
326
325
322
321
320
321
324
327
329
329
329
327
325
325
325
326
328
330
331
329
325
323
323
323
324
325
326
329
331
331
331
330
327
325
325
326
328
329
327
326
328
329
329
330
330
330
330
330
329
329
330
331
333
333
334
332
330
329
331
331
332
330
330
329
330
331
331
331
330
329
329
330
329
329
328
329
329
329
330
331
329
327
326
328
330
331
329
326
325
324
327
329
329
328
327
328
329
330
331
329
328
328
326
327
327
329
324
327
329
328
325
326
328
329
329
330
329
328
327
326
325
324
324
326
327
330
332
330
328
327
326
325
324
325
325
325
326
327
328
328
327
325
326
326
326
326
326
326
325
326
325
324
324
327
328
328
327
329
330
330
329
329
329
329
328
327
328
329
328
328
328
328
328
328
327
326
327
328
330
330
330
330
329
329
328
329
328
327
327
327
328
327
326
327
326
325
325
324
324
324
324
325
326
326
327
328
329
329
327
325
324
325
325
325
326
326
326
325
323
324
325
324
324
323
323
323
323
325
327
326
324
324
325
326
326
324
325
325
325
326
325
326
325
324
323
322
323
323
323
323
323
324
325
326
327
327
326
327
326
326
325
324
324
323
324
323
325
326
326
324
323
322
322
322
