397
394
394
397
400
403
409
412
409
406
404
402
401
399
396
394
396
399
400
400
399
402
403
400
396
397
397
400
401
401
400
399
398
397
397
393
392
397
401
401
400
403
405
402
402
400
399
397
398
398
399
401
404
406
409
408
405
405
401
398
393
392
397
401
403
402
402
400
398
395
395
396
400
402
403
404
399
396
398
399
397
395
397
399
401
404
404
402
400
400
403
406
406
405
403
402
403
400
397
399
399
401
405
414
417
416
413
407
405
404
406
407
408
413
415
420
423
425
428
427
423
421
419
416
413
412
412
410
410
407
406
407
406
404
402
401
401
400
401
401
399
399
398
399
400
399
401
401
399
402
406
406
407
403
398
395
392
393
394
391
391
388
387
389
386
381
373
367
371
372
371
372
372
375
379
379
375
369
361
356
353
353
352
359
363
363
360
361
365
364
362
356
352
353
357
360
358
356
359
363
365
364
355
345
339
337
338
335
330
328
333
339
339
335
332
331
328
326
326
323
318
317
321
327
333
333
330
329
330
333
336
336
333
329
328
332
337
341
344
344
335
323
315
312
311
317
317
315
315
310
306
302
300
300
299
299
301
308
312
313
315
315
312
309
306
302
298
302
309
313
313
310
308
309
310
307
304
304
307
311
310
308
304
301
302
304
302
298
291
288
291
291
293
297
301
299
293
287
289
294
298
296
287
281
276
274
281
288
288
289
288
282
283
283
278
273
269
272
278
284
285
278
273
271
273
273
268
266
273
283
287
282
273
269
274
285
286
282
281
283
285
286
285
284
284
288
291
294
291
280
273
276
277
282
289
295
295
289
284
280
277
274
277
276
277
280
282
282
278
276
279
277
277
276
275
277
281
279
276
281
284
282
280
279
277
280
286
289
290
289
288
288
288
281
276
277
277
285
288
285
282
282
283
287
283
278
276
279
288
291
289
290
286
279
274
272
276
278
282
284
286
287
288
286
281
277
275
279
281
277
276
278
284
289
286
282
282
281
278
278
278
277
278
279
280
287
289
285
275
268
265
269
276
282
287
289
290
289
284
280
274
272
279
286
291
288
289
292
291
290
288
288
289
287
283
282
281
281
279
277
279
283
288
287
283
277
277
275
275
278
277
280
286
289
287
285
283
280
279
276
274
275
276
280
283
282
280
278
281
287
292
291
286
282
280
281
283
281
281
281
282
285
287
287
283
278
276
277
279
278
278
281
283
284
278
272
266
265
267
268
268
268
269
271
273
276
279
280
280
276
272
268
266
266
270
272
275
275
277
279
281
281
281
284
288
293
295
288
282
279
279
281
285
288
291
296
300
301
299
296
297
296
297
298
301
305
306
304
305
304
306
309
312
314
315
315
316
317
324
334
331
324
323
325
327
329
328
326
329
332
333
337
343
345
343
342
341
338
338
342
344
341
343
346
350
348
347
347
347
348
349
350
348
346
347
354
363
366
365
359
354
353
360
367
370
370
367
365
367
372
375
378
378
378
372
365
362
362
370
374
371
366
366
369
373
378
384
387
383
382
379
376
374
373
373
380
392
392
391
389
386
385
383
382
383
389
398
399
399
401
402
407
416
417
413
411
408
407
409
407
401
401
400
406
419
424
425
422
417
413
406
402
409
417
424
432
435
429
417
405
396
394
401
405
404
402
397
401
408
408
403
395
392
391
388
384
380
383
392
403
402
397
387
377
374
369
374
377
379
380
376
374
379
377
373
369
367
366
364
365
362
358
357
362
367
369
370
364
357
355
352
356
354
353
352
354
359
358
355
355
357
357
354
352
349
344
344
347
349
354
356
352
352
356
350
346
343
343
345
344
345
346
347
348
348
346
342
339
337
336
334
335
335
336
335
333
332
335
333
330
324
320
322
327
328
327
326
319
317
316
319
320
318
321
320
319
318
318
320
322
321
322
321
319
319
319
320
322
322
323
325
333
335
333
328
317
306
301
297
300
295
292
295
299
303
301
298
296
295
296
298
304
308
308
306
311
318
315
311
314
314
310
302
302
307
312
315
311
309
307
309
311
311
309
303
299
296
294
297
300
302
305
304
300
298
298
298
299
300
303
298
290
290
290
288
288
292
294
296
300
303
301
297
297
297
300
302
301
301
303
304
308
308
303
300
297
296
302
304
299
296
300
304
308
303
296
295
295
299
299
293
291
292
296
296
293
293
295
294
293
298
303
302
302
299
295
291
291
293
294
294
294
298
299
297
297
299
299
296
296
297
297
302
301
297
295
293
295
298
299
298
300
305
303
300
293
290
294
300
302
300
300
297
295
295
297
299
297
295
298
302
301
294
292
292
297
302
301
293
293
297
301
301
295
294
295
296
299
302
304
306
306
302
300
300
301
305
307
303
296
296
299
298
298
297
297
301
303
304
304
302
302
303
305
309
311
309
304
300
302
301
300
302
305
308
309
307
312
317
317
314
313
314
314
310
309
312
311
313
317
319
320
319
318
319
319
326
328
323
316
314
318
318
319
327
324
322
322
319
323
323
323
324
324
330
335
334
335
336
340
337
336
337
344
354
349
338
331
334
342
344
346
351
358
361
360
358
353
350
352
358
358
355
354
353
351
354
362
363
366
371
372
369
365
365
373
376
378
380
377
375
376
378
381
383
387
391
395
405
410
403
399
397
393
388
385
384
390
395
401
401
398
400
400
397
391
391
393
395
395
394
398
399
398
396
391
388
391
397
400
402
404
408
410
407
402
399
398
400
399
398
394
392
388
385
386
385
384
386
389
392
392
391
390
387
380
375
371
371
370
376
380
381
381
382
384
380
370
362
364
364
368
370
371
365
362
362
363
361
354
352
354
355
353
350
353
357
360
356
350
346
341
343
338
337
337
338
341
343
347
351
347
335
334
340
340
336
332
335
336
335
330
326
326
329
329
332
334
333
330
325
323
322
322
321
322
319
318
316
321
319
319
318
320
321
318
316
314
312
312
312
313
318
321
318
315
310
307
303
298
298
295
294
293
294
297
304
309
307
304
306
304
300
296
290
288
289
290
289
291
291
293
297
301
300
301
303
301
296
289
291
297
298
298
299
304
298
292
292
289
286
287
292
292
294
304
309
306
296
288
285
285
285
287
285
287
292
289
286
288
290
290
287
287
294
298
294
284
283
290
294
297
296
294
295
292
290
290
285
286
288
291
296
293
289
284
286
289
292
295
294
297
299
296
291
291
297
301
303
304
303
306
304
291
286
285
291
292
286
282
282
290
292
294
290
288
286
285
284
284
289
292
291
292
290
286
285
288
290
292
293
294
294
295
296
292
286
284
286
286
291
296
297
290
284
286
290
296
297
293
291
297
297
288
284
284
290
294
295
295
296
300
297
290
284
279
280
282
286
293
300
299
298
298
293
288
285
283
283
283
286
287
291
295
295
295
292
289
285
288
291
292
294
298
301
296
288
285
288
290
291
292
294
297
297
295
291
289
293
295
295
296
296
296
298
295
286
281
281
281
278
279
284
287
285
282
281
279
280
284
285
286
287
292
293
292
289
287
284
277
270
270
273
278
284
286
292
296
293
290
291
295
296
294
293
294
296
295
295
291
290
295
301
302
302
297
293
290
289
291
291
293
293
294
297
295
293
293
293
295
298
300
303
302
298
293
290
290
292
293
300
305
309
310
307
304
303
303
306
306
306
305
303
302
304
307
309
310
311
312
312
314
311
315
316
316
316
317
319
319
318
316
313
316
321
323
326
328
327
325
322
323
326
329
329
330
330
327
325
331
337
341
343
348
350
351
351
347
351
355
354
353
349
348
354
359
360
359
359
357
359
361
363
367
367
368
372
371
367
363
360
364
367
368
370
375
379
383
385
383
383
385
384
380
379
378
381
385
388
393
397
395
397
408
411
407
401
394
394
397
394
392
392
397
407
413
413
408
401
395
391
389
389
394
405
412
410
409
406
403
402
398
397
399
404
409
410
411
409
408
408
405
400
399
402
402
402
402
403
404
399
393
391
391
395
398
403
404
401
402
400
396
389
387
383
384
388
393
393
394
395
393
390
384
384
387
385
384
387
392
394
392
391
390
387
385
382
381
376
373
375
375
376
378
377
376
375
374
369
361
357
355
358
366
373
370
365
363
363
361
359
356
355
355
358
363
365
356
349
347
348
351
352
350
352
351
352
356
358
353
349
347
350
351
355
350
348
350
348
346
340
338
337
336
337
338
337
336
337
338
337
336
332
331
332
331
330
327
323
321
325
329
330
326
323
324
328
337
337
335
336
334
331
331
332
332
334
334
334
334
331
332
331
328
325
326
322
322
322
322
321
318
316
317
319
322
321
318
316
313
311
313
317
321
322
320
318
313
313
316
315
315
317
318
321
323
318
313
308
305
301
302
304
305
312
317
319
316
308
305
311
312
313
314
312
312
316
314
315
314
312
314
314
315
314
314
316
318
319
319
319
316
313
310
307
307
310
311
312
312
310
309
309
309
310
308
306
302
300
296
297
303
313
320
316
308
305
307
308
303
302
303
305
310
317
320
320
314
309
304
304
306
307
309
312
314
313
310
308
310
311
312
311
308
305
302
303
306
309
311
313
314
311
309
310
301
306
311
311
309
308
310
314
314
308
302
298
297
298
298
303
307
308
310
311
311
308
304
303
308
309
309
312
311
313
316
313
309
310
302
304
311
312
311
310
313
312
312
311
308
304
299
303
309
311
312
307
308
309
308
304
303
304
308
307
305
307
308
310
309
306
306
303
306
309
312
315
314
317
317
314
308
304
306
303
306
309
311
308
309
309
312
315
313
309
308
306
302
302
305
310
311
309
310
311
314
316
317
317
315
312
313
315
317
316
312
310
316
323
322
317
316
313
312
316
318
314
312
315
317
317
316
314
312
313
313
313
315
315
316
320
324
325
326
326
328
330
333
332
328
325
324
325
325
325
325
325
327
329
329
328
325
324
326
322
321
325
325
324
324
323
326
327
326
326
326
331
334
336
342
346
347
345
342
339
341
343
343
343
344
345
340
352
343
343
344
348
360
361
359
351
347
347
353
359
360
365
371
373
367
372
371
367
371
372
374
375
376
380
384
384
378
376
372
371
375
381
380
379
383
386
385
383
381
378
379
378
381
383
385
386
386
390
391
389
389
393
394
395
393
394
394
391
391
393
392
392
396
399
404
404
399
391
389
384
384
388
395
398
400
402
403
403
397
393
390
393
398
399
402
406
408
405
402
400
397
396
398
400
400
401
402
403
405
403
402
406
411
411
408
406
409
407
402
397
392
392
398
398
393
392
396
397
397
395
393
389
387
391
391
391
387
388
389
387
387
389
392
394
393
382
374
378
381
385
385
384
384
386
385
382
378
375
369
370
368
372
372
373
374
370
365
357
353
347
341
342
348
359
369
365
353
338
330
330
328
329
329
333
350
349
343
337
331
328
326
321
317
322
332
335
325
315
316
326
332
329
323
324
329
326
319
314
312
313
315
314
315
317
320
319
315
304
301
302
303
306
307
309
318
323
315
311
307
308
309
307
308
309
306
299
292
282
278
281
285
294
294
292
290
287
285
283
283
283
290
289
288
290
289
289
289
294
301
295
292
290
289
287
285
285
288
290
296
297
299
298
296
295
296
297
294
290
288
285
281
283
292
298
295
286
277
277
279
279
277
275
276
277
276
277
279
287
287
280
276
278
288
292
289
283
284
291
292
290
290
294
302
306
302
292
287
285
283
282
281
280
282
289
287
284
286
286
286
284
280
281
286
284
279
276
278
282
284
282
274
267
259
257
258
263
269
277
284
287
288
291
291
288
288
285
284
283
283
284
286
288
291
292
295
298
297
298
295
294
295
295
296
296
300
302
302
299
294
296
297
299
303
305
306
307
310
314
317
321
322
327
328
332
337
336
338
342
345
344
345
345
342
347
355
361
365
368
375
377
384
388
384
377
371
371
378
383
386
391
389
382
384
380
379
390
402
407
404
394
385
386
392
398
408
410
413
409
401
388
381
393
400
414
424
430
435
431
429
419
408
401
398
402
405
413
420
410
400
392
387
386
384
378
376
382
397
401
400
391
384
379
377
380
378
383
379
374
371
369
373
373
362
361
363
364
359
353
350
352
351
352
345
342
343
349
356
355
351
343
339
344
354
354
350
353
364
374
363
351
347
353
356
357
358
350
345
347
358
365
364
353
351
354
364
369
358
343
338
334
324
330
337
342
349
358
367
366
360
351
355
358
352
350
353
362
368
362
358
355
356
360
358
365
379
392
394
379
375
383
383
382
388
389
394
398
398
400
406
416
426
433
432
436
439
438
433
428
427
427
432
439
443
450
458
456
449
444
437
433
427
422
415
412
405
411
414
411
406
401
396
391
389
383
379
380
385
394
392
386
379
374
371
374
371
370
370
371
373
373
366
364
367
362
356
350
347
344
340
340
343
342
339
337
328
318
316
314
316
321
325
323
315
307
298
288
286
289
299
307
307
301
299
301
298
290
283
274
270
266
261
256
247
239
237
238
235
232
227
228
222
218
218
227
228
233
239
243
244
243
247
253
255
256
257
256
253
248
247
242
234
224
219
226
233
238
246
252
254
257
261
260
262
271
277
284
286
291
297
309
307
310
311
307
311
313
322
341
355
365
375
383
383
378
378
374
368
361
358
370
390
408
413
402
386
372
365
367
374
384
404
418
425
417
399
388
385
388
394
409
427
435
433
422
409
404
397
398
409
418
414
407
407
415
418
421
421
415
403
394
399
399
387
386
389
392
389
387
380
378
383
381
380
383
381
378
377
380
383
382
392
396
384
365
353
350
347
349
354
360
355
347
339
330
330
332
336
343
342
357
371
384
402
400
396
397
389
386
388
389
390
386
379
378
374
367
358
348
346
340
338
335
336
336
332
337
344
349
362
372
369
354
353
358
362
362
368
384
395
401
391
373
370
380
384
381
381
396
400
396
396
395
398
405
408
410
410
415
417
414
411
409
405
407
408
402
403
405
408
412
420
424
419
421
422
412
407
403
397
395
398
406
409
401
391
390
398
402
397
387
381
383
383
381
381
382
388
393
395
391
389
384
386
385
384
387
382
376
368
361
347
344
353
355
355
353
348
342
340
332
329
329
332
337
346
348
349
348
343
340
343
343
338
337
336
333
334
330
327
324
322
319
313
308
304
302
302
297
288
284
283
276
273
265
260
259
250
241
232
224
227
236
241
256
264
266
256
242
234
232
232
232
236
244
245
242
240
243
247
250
252
259
265
261
249
239
234
233
236
236
238
241
248
259
270
279
283
283
281
283
286
289
296
302
306
311
318
321
318
323
329
335
339
339
334
336
345
349
353
360
364
373
377
380
379
371
364
359
359
362
364
371
381
399
409
402
387
377
384
394
394
387
382
382
396
413
420
409
393
386
388
404
427
436
434
421
408
403
406
412
416
419
426
415
405
398
400
409
415
417
415
411
408
408
409
409
406
411
414
412
405
403
400
399
400
391
385
382
385
388
385
386
392
391
382
377
377
383
388
389
387
386
385
378
373
366
359
359
363
366
366
362
361
362
352
346
347
355
362
362
367
372
364
363
357
355
352
340
337
335
338
338
335
340
338
328
323
318
309
304
303
315
331
337
337
341
348
348
343
335
327
326
328
328
331
339
351
354
350
342
350
342
342
330
321
327
330
328
323
320
319
321
324
335
351
364
372
367
359
361
355
354
350
350
353
406
384
377
378
389
384
371
356
337
330
339
358
383
400
404
397
395
388
381
377
382
393
400
415
397
400
397
378
371
376
380
392
411
429
419
408
403
403
405
410
418
423
426
432
434
430
429
421
415
413
413
413
413
411
409
409
410
413
411
405
400
400
395
393
398
400
394
388
391
400
401
400
395
388
388
391
391
385
380
377
375
371
365
363
363
367
367
365
362
352
343
340
337
335
328
326
325
326
330
335
329
321
315
311
303
304
315
325
326
320
315
311
304
293
281
272
265
264
271
275
272
267
263
258
261
258
259
264
265
268
262
256
255
257
260
268
275
274
272
266
262
255
244
242
245
244
246
251
256
256
251
243
234
225
222
224
226
225
231
240
253
264
270
278
283
284
288
290
293
292
300
313
324
334
339
341
338
337
329
324
318
322
329
334
333
330
324
331
339
344
349
358
365
367
365
363
361
364
363
358
359
360
363
368
369
366
365
368
373
376
380
384
383
380
373
367
369
377
382
382
389
394
392
394
392
395
402
402
402
401
397
391
393
407
418
421
410
396
389
392
405
408
404
400
400
404
406
408
411
413
411
403
393
394
410
420
418
408
404
406
404
398
396
396
399
405
398
395
390
395
396
392
391
398
404
401
393
388
385
383
384
386
378
365
355
356
357
364
371
372
371
364
357
358
355
351
358
362
361
362
354
345
339
340
343
339
337
336
331
335
338
348
352
358
368
375
372
366
362
360
363
361
363
365
366
377
374
369
367
365
360
349
349
357
368
372
373
373
370
376
380
378
372
366
365
359
357
356
357
357
357
353
353
351
358
360
349
343
342
340
341
355
369
366
361
357
355
355
355
353
357
364
368
374
380
375
368
368
368
369
371
376
381
383
387
391
391
395
395
394
393
398
402
402
396
386
383
390
391
389
390
392
399
403
400
394
386
385
386
394
403
403
396
390
385
379
372
367
369
373
375
380
388
393
389
381
377
376
379
383
387
386
384
383
382
384
388
390
388
386
387
395
401
401
398
396
395
400
400
395
390
390
396
399
400
399
392
390
393
393
389
387
387
384
379
380
387
386
385
388
391
394
392
390
387
391
388
388
396
394
391
390
391
394
391
391
394
394
390
392
397
399
398
401
410
413
404
393
375
384
397
394
395
399
406
408
412
406
396
391
394
392
393
398
407
409
399
393
398
398
402
402
398
394
394
402
406
411
415
419
417
406
398
398
400
373
399
407
406
403
405
413
415
409
375
382
379
383
392
413
423
424
412
397
301
331
381
411
425
421
410
399
395
397
406
412
408
393
383
385
396
406
411
405
398
395
395
396
398
400
402
401
397
398
402
407
410
408
402
397
395
397
402
406
407
406
402
398
387
387
395
401
402
400
399
398
401
403
403
403
403
401
400
401
402
401
401
399
397
398
400
399
398
399
400
397
394
392
394
397
400
401
402
400
396
393
394
397
397
397
399
400
399
397
396
397
398
399
398
397
400
402
400
399
399
398
397
396
397
400
401
403
402
401
400
399
398
396
398
399
401
401
400
399
398
398
400
402
402
401
401
401
399
397
396
396
397
399
401
401
400
398
399
401
401
399
399
400
400
400
399
398
398
398
399
401
401
401
402
401
401
402
402
399
397
396
397
397
397
399
394
397
401
401
399
398
396
397
399
400
398
398
400
401
402
400
397
396
397
400
402
402
398
396
396
396
397
397
399
401
400
400
401
402
401
401
401
400
399
397
398
400
401
401
399
398
399
400
401
402
400
398
398
397
399
402
402
400
397
396
397
398
399
400
400
400
401
400
398
398
399
401
402
402
401
398
397
399
400
400
398
398
398
399
400
400
399
400
399
399
399
399
398
398
398
399
399
398
398
398
399
400
401
401
400
400
398
397
399
400
400
400
399
400
400
400
399
399
399
397
397
398
399
401
401
401
400
398
397
398
399
400
400
400
400
400
399
399
398
398
398
397
397
399
399
397
397
398
400
400
400
400
400
400
399
398
398
399
400
399
399
400
399
396
396
397
398
398
