7
16
26
36
45
54
63
74
83
92
101
111
121
130
139
148
159
168
177
186
197
206
215
224
234
244
253
262
272
282
291
300
310
319
329
338
348
357
367
377
386
395
404
415
424
433
442
453
462
471
480
490
500
509
518
528
538
547
556
566
575
585
594
604
613
623
632
642
651
660
670
680
689
698
708
718
727
736
745
756
765
774
783
794
803
812
821
831
841
850
859
869
879
888
897
907
916
926
935
945
954
964
973
983
992
1001
1011
1021
1030
1039
1050
1059
1068
1078
1087
1097
1106
1116
1125
1135
1145
1154
1163
1172
1183
1192
1201
1211
1221
1230
1240
1249
1258
1268
1278
1287
1296
1307
1316
1325
1335
1344
1354
1363
1373
1382
1392
1402
1411
1420
1430
1440
1449
1458
1468
1478
1487
1497
1506
1515
1525
1535
1544
1553
1564
1573
1582
1592
1601
1611
1620
1630
1639
1649
1659
1668
1677
1686
1697
1706
1715
1725
1735
1744
1754
1763
1772
1782
1792
1801
1810
1821
1830
1839
1849
1858
1868
1877
1887
1896
1906
1916
1925
1934
1943
1954
1963
1972
1982
1992
2001
2011
2020
2029
2039
2049
2058
2067
2078
2087
2096
2106
2116
2125
2134
2144
2153
2163
2173
2182
2191
2202
2211
2220
2229
2239
2249
2258
2268
2277
2287
2297
2306
2315
2324
2335
2344
2353
2363
2373
2382
2392
2401
2410
2420
2430
2439
2448
2459
2468
2477
2486
2496
2506
2515
2525
2534
2544
2554
2563
2572
2581
2592
2601
2610
2620
2630
2639
2649
2658
2667
2677
2687
2696
2705
2716
2725
2734
2743
2753
2763
2772
2782
2791
2801
2811
2820
2829
2838
2849
2858
2867
2877
2887
2896
2906
2915
2924
2934
2944
2953
2962
2973
2982
2991
3001
3010
3020
3029
3039
3048
3058
3068
3077
3086
3095
3106
3115
3124
3134
3144
3153
3163
3172
3181
3191
3201
3210
3219
3230
3239
3248
3257
3268
3277
3286
3296
3305
3315
3325
3334
3343
3353
3363
3372
3381
3391
3401
3410
3420
3429
3439
3448
3458
3467
3476
3487
3496
3505
3514
3525
3534
3543
3553
3562
3572
3582
3591
3600
3610
3620
3629
3638
3648
3658
3667
3677
3686
3696
3705
3715
3724
3733
3744
3753
3762
3771
3782
3791
3800
3810
3819
3829
3839
3848
3857
3867
3877
3886
3895
3905
3915
3924
3934
3943
3953
3962
3972
3981
3990
4001
4010
4019
4029
4039
4048
4057
4067
4076
4086
4096
4105
4114
4124
4134
4143
4152
4162
4172
4181
4191
4200
4210
4219
4229
4238
4247
4258
4267
4276
4285
4296
4305
4314
4324
4333
4343
4353
4362
4371
4381
4391
4400
4409
4420
4429
4438
4448
4457
4467
4476
4486
4495
4505
4515
4524
4533
4543
4553
4562
4571
4581
4591
4600
4610
4619
4628
4638
4648
4657
4666
4677
4686
4695
4705
4714
4724
4733
4743
4752
4762
4772
4781
4790
4799
4810
4819
4828
4838
4848
4857
4867
4876
4885
4895
4905
4914
4923
4934
4943
4952
4962
4971
4981
4990
5000
5009
5019
5029
5038
5047
5056
5067
5076
5085
5095
5105
5114
5124
5133
5142
5152
5162
5171
5180
5191
5200
5209
5219
5228
5238
5247
5257
5266
5276
5286
5295
5304
5313
5324
5333
5342
5352
5362
5371
5381
5390
5399
5409
5419
5428
5437
5448
5457
5466
5476
5485
5495
5504
5514
5523
5533
5543
5552
5561
5572
5581
5590
5599
5609
5619
5628
5638
5647
5657
5666
5676
5685
5694
5705
5714
5723
5733
5743
5752
5761
5771
5780
5790
5800
5809
5818
5829
5838
5847
5856
5866
5876
5885
5895
5904
5914
5924
5933
5942
5951
5962
5971
5980
5990
6000
6009
6019
6028
6037
6047
6057
6066
6075
6086
6095
6104
6114
6123
6133
6142
6152
6161
6171
6181
6190
6199
6208
6219
6228
6237
6247
6257
6266
6276
6285
6294
6304
6314
6323
6332
6343
6352
6361
6370
6380
6390
6399
6409
6418
6428
6438
6447
6456
6465
6476
6485
6494
6504
6514
6523
6533
6542
6551
6561
6571
6580
6589
6600
6609
6618
6627
6637
6647
6656
6666
6675
6685
6695
6704
6713
6722
6733
6742
6751
6761
6771
6780
6790
6799
6809
6818
6828
6837
6846
6857
6866
6875
6884
6895
6904
6913
6923
6932
6942
6952
6961
6970
6980
6990
6999
7008
7018
7028
7037
7047
7056
7066
7075
7085
7094
7103
7114
7123
7132
7142
7152
7161
7170
7180
7189
7199
7209
7218
7227
7237
7247
7256
7265
7275
7285
7294
7304
7313
7323
7332
7342
7351
7360
7371
7380
7389
7399
7409
7418
7427
7437
7446
7456
7466
7475
7484
7494
7504
7513
7522
7532
7542
7551
7561
7570
7580
7589
7599
7608
7617
7628
7637
7646
7655
7666
7675
7684
7694
7703
7713
7723
7732
7741
7751
7761
7770
7779
7789
7799
7808
7818
7827
7837
7847
7856
7865
7874
7885
7894
7903
7913
7923
7932
7941
7951
7961
7970
7980
7989
7998
8009
8018
8027
8036
8047
8056
8065
8075
8084
8094
8104
8113
8122
8132
8142
8151
8160
8170
8180
8189
8199
8208
8218
8227
8237
8246
8255
8266
8275
8284
8293
8304
8313
8322
8332
8341
8351
8361
8370
8379
8389
8399
8408
8417
8427
8437
8446
8456
8465
8475
8484
8494
8503
8512
8523
8532
8541
8551
8561
8570
8579
8589
8598
8608
8618
8627
8636
8647
8656
8665
8674
8684
8694
8703
8713
8722
8732
8741
8751
8760
8769
8780
8789
8798
8808
8818
8827
8836
8846
8855
8865
8875
8884
8893
8904
8913
8922
8931
8941
8951
8960
8970
8979
8989
8998
9008
9017
9026
9037
9046
9055
9065
9075
9084
9093
9103
9113
9122
9132
9141
9150
9160
9170
9179
9188
9199
9208
9217
9227
9236
9246
9255
9265
9274
9284
9294
9303
9312
9322
9332
9341
9350
9360
9370
9379
9389
9398
9407
9418
9427
9436
9445
9456
9465
9474
9484
9493
9503
9513
9522
9531
9541
9551
9560
9569
9579
9589
9598
9608
9617
9627
9636
9646
9655
9664
9675
9684
9693
9703
9713
9722
9731
9741
9750
9760
9770
9779
9788
9798
9808
9817
9826
9836
9846
9855
9865
9874
9884
9893
9903
9912
9921
9932
9941
9950
9960
9970
9979
9988
9998
10007
10017
10027
10036
10045
10056
10065
10075
10084
10093
10104
10113
10122
10132
10142
10151
10161
10170
10180
10190
10199
10208
10218
10228
10237
10247
10256
10267
10276
10285
10295
10304
10314
10324
10333
10342
10353
10362
10371
10381
10390
10400
10410
10419
10428
10439
10448
10458
10467
10476
10487
10496
10505
10515
10525
10534
10544
10553
10562
10573
10582
10591
10601
10611
10620
10630
10639
10650
10659
10668
10678
10687
10697
10707
10716
10725
10736
10745
10754
10764
10773
10783
10793
10803
10812
10823
10833
10842
10852
10863
10872
10882
10892
10901
10912
10921
10931
10941
10951
10961
10971
10980
10991
11001
11010
11020
11030
11040
11050
11060
11069
11080
11090
11099
11109
11119
11129
11139
11148
11158
11169
11178
11188
11198
11208
11218
11228
11237
11248
11258
11267
11277
11286
11297
11307
11316
11326
11337
11346
11356
11366
11376
11386
11396
11405
11415
11426
11435
11445
11455
11465
11475
11484
11494
11505
11514
11524
11534
11543
11554
11564
11573
11583
11594
11603
11613
11623
11633
11643
11652
11662
11673
11682
11692
11702
11711
11722
11732
11741
11751
11762
11771
11781
11791
11801
11811
11821
11830
11840
11850
11860
11870
11879
11890
11900
11909
11919
11930
11939
11949
11959
11968
11979
11989
11998
12008
12018
12028
12038
12047
12058
12068
12077
12087
12097
12107
12117
12127
12136
12147
12157
12166
12176
12186
12196
12206
12215
12225
12236
12245
12255
12265
12275
12285
12295
12304
12315
12325
12334
12344
12354
12364
12374
12383
12393
12404
12413
12423
12433
12443
12453
12463
12472
12482
12493
12502
12512
12522
12532
12542
12551
12561
12572
12581
12591
12601
12610
12621
12631
12640
12650
12661
12670
12680
12690
12700
12710
12720
12729
12740
12749
12759
12769
12778
12789
12799
12808
12818
12829
12838
12848
12858
12868
12878
12888
12897
12907
12917
12927
12937
12946
12957
12967
12976
12986
12997
13006
13016
13026
13035
13046
13056
13065
13075
13086
13095
13105
13114
13125
13135
13144
13154
13164
13174
13184
13194
13203
13214
13224
13233
13243
13254
13263
13273
13282
13292
13303
13312
13322
13332
13342
13352
13362
13371
13382
13392
13401
13411
13421
13431
13441
13450
13460
13471
13480
13490
13500
13510
13520
13530
13539
13549
13560
13569
13579
13589
13599
13609
13619
13628
13639
13648
13658
13668
13677
13688
13698
13707
13717
13728
13737
13747
13757
13767
13777
13787
13796
13807
13816
13826
13836
13845
13856
13866
13875
13885
13896
13905
13915
13925
13935
13945
13955
13964
13974
13985
13994
14004
14013
14024
14034
14043
14053
14064
14073
14083
14093
14102
14113
14123
14132
14142
14153
14162
14172
14181
14192
14202
14211
14221
14231
14241
14251
14261
14270
14281
14291
14300
14310
14321
14330
14340
14350
14359
14370
14379
14389
14399
14409
14419
14429
14438
14449
14459
14468
14478
14489
14498
14508
14518
14527
14538
14547
14557
14567
14577
14587
14597
14606
14617
14627
14636
14646
14656
14666
14676
14686
14695
14706
14715
14725
14735
14745
14755
14765
14774
14784
14795
14804
14814
14824
14834
14844
14854
14863
14874
14884
14893
14903
14912
14923
14933
14942
14952
14963
14972
14982
14992
15002
15012
15022
15031
15041
15052
15061
15071
15080
15091
15101
15110
15120
15131
15140
15150
15160
15169
15180
15190
15199
15209
15220
15229
15239
15249
15259
15269
15278
15288
15298
15308
15318
15328
15337
15348
15358
15367
15377
15388
15397
15407
15417
15426
15437
15446
15456
15466
15476
15486
15496
15505
15516
15526
15535
15545
15556
15565
15575
15585
15594
15605
15615
15624
15634
15644
15654
15664
15673
15684
15694
15703
15713
15723
15733
15743
15753
15762
15773
15783
15792
15802
15812
15822
15832
15841
15851
15862
15871
15881
15891
15901
15911
15921
15930
15941
15951
15960
15970
15979
15990
16000
16009
16019
16030
16039
16049
16059
16069
16079
16089
16098
16108
16119
16128
16138
16148
16158
16168
16177
16187
16198
16207
16217
16227
16236
16247
16257
16266
16276
16287
16296
16306
16316
16326
16336
16346
16355
16365
16375
16385
16395
16404
16415
16425
16434
16444
16455
16464
16474
16484
16493
16504
16514
16523
16533
16543
16553
16563
16572
16583
16593
16602
16612
16623
16632
16642
16652
16661
16672
16682
16691
16701
16711
16721
16731
16740
16751
16761
16770
16780
16790
16800
16810
16820
16829
16840
16850
16859
16869
16880
16889
16899
16908
16918
16929
16938
16948
16958
16968
16978
16988
16997
17008
17018
17027
17037
17047
17057
17067
17076
17086
17097
17106
17116
17126
17136
17146
17156
17165
17175
17186
17195
17205
17215
17225
17235
17244
17254
17265
17274
17284
17294
17303
17314
17324
17333
17343
17354
17363
17373
17383
17393
17403
17413
17422
17433
17442
17452
17462
17471
17482
17492
17501
17511
17522
17531
17541
17551
17561
17571
17581
17590
17600
17610
17620
17630
17639
17650
17660
17669
17679
17690
17699
17709
17719
17728
17739
17749
17758
17768
17779
17788
17798
17807
17818
17828
17837
17847
17857
17867
17877
17887
17896
17907
17917
17926
17936
17947
17956
17966
17975
17985
17996
18005
18015
18025
18035
18045
18055
18064
18075
18085
18094
18104
18114
18124
18134
18144
18153
18164
18173
18183
18193
18203
18213
18223
18232
18242
18253
18262
18272
18282
18292
18302
18312
18321
18332
18341
18351
18361
18370
18381
18391
18400
18410
18421
18430
18440
18450
18460
18470
18480
18489
18500
18509
18519
18529
18538
18549
18559
18568
18578
18589
18598
18608
18618
18628
18638
18648
18657
18667
18678
18687
18697
18706
18717
18727
18736
18746
18757
18766
18776
18786
18795
18806
18816
18825
18835
18846
18855
18865
18875
18885
18895
18904
18914
18924
18934
18944
18954
18963
18974
18984
18993
19003
19014
19023
19033
19043
19052
19063
19072
19082
19092
19102
19112
19122
19131
19142
19152
19161
19171
19181
19191
19201
19211
19220
19231
19240
19250
19260
19270
19280
19290
19299
19309
19320
19329
19339
19349
19359
19369
19379
19388
19399
19409
19418
19428
19437
19448
19458
19467
19477
19488
19497
19507
19517
19527
19537
19547
19556
19567
19577
19586
19596
19605
19616
19626
19635
19645
19656
19665
19675
19685
19695
19705
19715
19724
19734
19745
19754
19764
19773
19784
19794
19803
19813
19824
19833
19843
19853
19862
19873
19883
19892
19902
19913
19922
19932
19942
19952
19962
19971
19981
19991
20001
20011
20021
20030
20041
20051
20060
20070
20081
20090
20100
20110
20119
20130
20139
20149
20159
20169
20179
20189
20198
20209
20219
20228
20238
20249
20258
20268
20278
20287
20298
20308
20317
20327
20337
20347
20357
20366
20377
20387
20396
20406
20416
20426
20436
20446
20455
20466
20476
20485
20495
20505
20515
20525
20534
20544
20555
20564
20574
20584
20594
20604
20614
20623
20634
20644
20653
20663
20673
20683
20693
20702
20712
20723
20732
20742
20752
20762
20772
20782
20791
20801
20812
20821
20831
20841
20851
20861
20870
20880
20891
20900
20910
20920
20929
20940
20950
20959
20969
20980
20989
20999
21009
21019
21029
21038
21048
21058
21068
21078
21088
21097
21108
21118
21127
21137
21148
21157
21167
21177
21186
21197
21207
21216
21226
21236
21246
21256
21265
21276
21286
21295
21305
21316
21325
21335
21345
21354
21365
21375
21384
21394
21404
21414
21424
21433
21444
21454
21463
21473
21483
21493
21503
21513
21522
21533
21543
21552
21562
21573
21582
21592
21601
21611
21622
21631
21641
21651
21661
21671
21681
21690
21701
21711
21720
21730
21740
21750
21760
21769
21779
21790
21799
21809
21819
21829
21839
21849
21858
21868
21879
21888
21898
21908
21918
21928
21938
21947
21958
21967
21977
21987
21996
22007
22017
22026
22036
22047
22056
22066
22076
22086
22096
22106
22115
22125
22135
22145
22155
22164
22175
22185
22194
22204
22215
22224
22234
22244
22253
22264
22274
22283
22293
22303
22313
22323
22332
22343
22353
22362
22372
22383
22392
22402
22412
22421
22432
22442
22451
22461
22472
22481
22491
22500
22511
22521
22530
22540
22550
22560
22570
22580
22589
22600
22610
22619
22629
22640
22649
22659
22668
22678
22689
22698
22708
22718
22728
22738
22748
22757
22768
22778
22787
22797
22807
22817
22827
22837
22846
22857
22866
22876
22886
22896
22906
22916
22925
22935
22946
22955
22965
22975
22985
22995
23005
23014
23025
23034
23044
23054
23063
23074
23084
23093
23103
23114
23123
23133
23143
23153
23163
23173
23182
23193
23203
23212
23222
23231
23242
23252
23261
23271
23282
23291
23301
23311
23321
23331
23341
23350
23360
23371
23380
23390
23399
23410
23420
23429
23439
23450
23459
23469
23479
23488
23499
23509
23518
23528
23539
23548
23558
23567
23578
23588
23597
23607
23617
23627
23637
23647
23656
23667
23677
23686
23696
23707
23716
23726
23736
23745
23756
23765
23775
23785
23795
23805
23815
23824
23835
23845
23854
23864
23874
23884
23894
23904
23913
23924
23933
23943
23953
23963
23973
23983
23992
24002
24013
24022
24032
24042
24052
24062
24072
24081
24092
24102
24111
24121
24130
24141
24151
24160
24170
24181
24190
24200
24210
24220
24230
24240
24249
24260
24270
24279
24289
24298
24309
24319
24328
24338
24349
24358
24368
24378
24388
24398
24408
24417
24427
24438
24447
24457
24467
24477
24487
24496
24506
24517
24526
24536
24546
24555
24566
24576
24585
24595
24606
24615
24625
24635
24645
24655
24664
24674
24684
24694
24704
24714
24723
24734
24744
24753
24763
24774
24783
24793
24803
24812
24823
24832
24842
24852
24862
24872
24882
24891
24902
24912
24921
24931
24941
24951
24961
24971
24980
24991
25001
25010
25020
25030
25040
25050
25059
25069
25080
25089
25099
25109
25119
25129
25139
25148
25159
25169
25178
25188
25197
25208
25218
25227
25237
25248
25257
25267
25277
25287
25297
25307
25316
25327
25337
25346
25356
25366
25376
25386
25395
25405
25416
25425
25435
25445
25455
25465
25475
25484
25494
25505
25514
25524
25534
25544
25554
25563
25573
25584
25593
25603
25613
25622
25633
25643
25652
25662
25673
25682
25692
25702
25712
25722
25732
25741
25751
25761
25771
25781
25790
25801
25811
25820
25830
25841
25850
25860
25870
25879
25890
25900
25909
25919
25929
25939
25949
25958
25969
25979
25988
25998
26009
26018
26028
26038
26047
26058
26068
26077
26087
26097
26107
26117
26126
26137
26147
26156
26166
26176
26186
26196
26206
26215
26226
26236
26245
26255
26266
26275
26285
26294
26304
26315
26324
26334
26344
26354
26364
26374
26383
26394
26404
26413
26423
26433
26443
26453
26462
26472
26483
26492
26502
26512
26522
26532
26542
26551
26561
26572
26581
26591
26601
26611
26621
26631
26640
26651
26660
26670
26680
26689
26700
26710
26719
26729
26740
26749
26759
26769
26779
26789
26799
26808
26818
26828
26838
26848
26857
26868
26878
26887
26897
26908
26917
26927
26937
26946
26957
26967
26976
26986
26997
27006
27016
27025
27036
27046
27055
27065
27076
27085
27095
27105
27114
27125
27135
27144
27154
27165
27174
27184
27193
27204
27214
27223
27233
27243
27253
27263
27273
27282
27293
27303
27312
27322
27333
27342
27352
27361
27371
27382
27391
27401
27411
27421
27431
27441
27450
27461
27471
27480
27490
27500
27510
27520
27530
27539
27550
27559
27569
27579
27589
27599
27609
27618
27628
27639
27648
27658
27668
27678
27688
27698
27707
27718
27727
27737
27747
27756
27767
27777
27786
27796
27807
27816
27826
27836
27846
27856
27866
27875
27885
27896
27905
27915
27924
27935
27945
27954
27964
27975
27984
27994
28004
28013
28024
28034
28043
28053
28064
28073
28083
28092
28103
28113
28122
28132
28143
28152
28162
28172
28181
28192
28202
28211
28221
28232
28241
28251
28261
28271
28281
28290
28300
28310
28320
28330
28340
28349
28360
28370
28379
28389
28400
28409
28419
28429
28438
28449
28458
28468
28478
28488
28498
28508
28517
28528
28538
28547
28557
28567
28577
28587
28597
28606
28617
28626
28636
28646
28656
28666
28676
28685
28695
28706
28715
28725
28735
28745
28755
28765
28774
28785
28795
28804
28814
28823
28834
28844
28853
28863
28874
28883
28893
28903
28913
28923
28933
28942
28953
28963
28972
28982
28992
29002
29012
29021
29031
29042
29051
29061
29071
29081
29091
29101
29110
29120
29131
29140
29150
29160
29170
29180
29189
29199
29210
29219
29229
29239
29248
29259
29269
29278
29288
29299
29308
29318
29328
29338
29348
29357
29367
29377
29387
29397
29407
29416
29427
29437
29446
29456
29467
29476
29486
29496
29505
29516
29526
29535
29545
29555
29565
29575
29584
29595
29605
29614
29624
29634
29644
29654
29664
29673
29684
29694
29703
29713
29723
29733
29743
29752
29762
29773
29782
29792
29802
29812
29822
29832
29841
29852
29862
29871
29881
29890
29901
29911
29920
29930
29941
29950
29960
29970
29980
29990
30000
30009
30020
30030
30039
30049
30059
30069
30079
30088
30098
30109
30118
30128
30138
30148
30158
30168
30177
30187
30198
30207
30217
30227
30237
30247
30256
30266
30277
30286
30296
30306
30315
30326
30336
30345
30355
30366
30375
30385
30395
30405
30415
30425
30434
30444
30454
30464
30474
30483
30494
30504
30513
30523
30534
30543
30553
30563
30572
30583
30593
30602
30612
30622
30632
30642
30651
30662
30672
30681
30691
30701
30711
30721
30731
30740
30751
30761
30770
30780
30791
30800
30810
30819
30829
30840
30849
30859
30869
30879
30889
30899
30908
30919
30929
30938
30948
30959
30968
30978
30987
30997
31008
31017
31027
31037
31047
31057
31067
31076
31087
31097
31106
31116
31126
31136
31146
31155
31165
31176
31185
31195
31205
31215
31225
31235
31244
31254
31265
31274
31284
31294
31304
31314
31324
31333
31344
31353
31363
31373
31382
31393
31403
31412
31422
31433
31442
31452
31462
31472
31482
31492
31501
31511
31521
31531
31541
31550
31561
31571
31580
31590
31601
31610
31620
31630
31639
31650
31660
31669
31679
31690
31699
31709
31718
31729
31739
31748
31758
31769
31778
31788
31798
31807
31818
31828
31837
31847
31858
31867
31877
31886
31897
31907
31916
31926
31936
31946
31956
31966
31975
31986
31996
32005
32015
32026
32035
32045
32055
32064
32075
32084
32094
32104
32114
32124
32134
32143
32154
32164
32173
32183
32193
32203
32213
32223
32232
32243
32252
32262
32272
32282
32292
32302
32311
32321
32332
32341
32351
32361
32371
32381
32391
32400
32411
32420
32430
32440
32449
32460
32470
32479
32489
32500
32509
32519
32529
32539
32549
32559
32568
32578
32589
32598
32608
32617
32628
32638
32647
32657
32668
32677
32687
32697
32706
32717
32727
32736
32746
32757
32766
32776
32785
32796
32806
32815
32825
32836
32845
32855
32865
32874
32885
32895
32904
32914
32925
32934
32944
32954
32964
32974
32983
32993
33003
33013
33023
33033
33042
33053
33063
33072
33082
33093
33102
33112
33122
33131
33142
33151
33161
33171
33181
33191
33201
33210
33221
33231
33240
33250
33260
33270
33280
33290
33299
33310
33320
33329
33339
33349
33359
33369
33378
33388
33399
33408
33418
33428
33438
33448
33458
33467
33478
33488
33497
33507
33516
33527
33537
33546
33556
33567
33576
33586
33596
33606
33616
33626
33635
33645
33656
33665
33675
33684
33695
33705
33714
33724
33735
33744
33754
33764
33773
33784
33794
33803
33813
33824
33833
33843
33853
33863
33873
33882
33892
33903
33912
33922
33932
33941
33952
33962
33971
33981
33992
34001
34011
34021
34031
34041
34050
34060
34070
34080
34090
34100
34109
34120
34130
34139
34149
34160
34169
34179
34189
34198
34209
34219
34228
34238
34248
34258
34268
34277
34288
34298
34307
34317
34327
34337
34347
34357
34366
34377
34387
34396
34406
34416
34426
34436
34445
34455
34466
34475
34485
34495
34505
34515
34525
34534
34545
34555
34564
34574
34585
34594
34604
34613
34623
34634
34643
34653
34663
34673
34683
34693
34702
34713
34723
34732
34742
34752
34762
34772
34781
34791
34802
34811
34821
34831
34841
34851
34861
34870
34880
34891
34900
34910
34920
34930
34940
34949
34959
34970
34979
34989
34999
35008
35019
35029
35038
35048
35059
35068
35078
35088
35098
35108
35118
35127
35137
35147
35157
35167
35176
35187
35197
35206
35216
35227
35236
35246
35256
35265
35276
35286
35295
35305
35316
35325
35335
35344
35355
35365
35374
35384
35394
35404
35414
35424
35433
35444
35454
35463
35473
35484
35493
35503
35512
35522
35533
35542
35552
35562
35572
35582
35592
35601
35612
35622
35631
35641
35652
35661
35671
35680
35690
35701
35710
35720
35730
35740
35750
35760
35769
35780
35790
35799
35809
35819
35829
35839
35849
35858
35869
35878
35888
35898
35908
35918
35928
35937
35947
35958
35967
35977
35987
35997
36007
36017
36026
36037
36046
36056
36066
36075
36086
36096
36105
36115
36126
36135
36145
36155
36165
36175
36185
36194
36204
36214
36224
36234
36243
36254
36264
36273
36283
36294
36303
36313
36323
36332
36343
36353
36362
36372
36383
36392
36402
36411
36422
36432
36441
36451
36461
36471
36481
36491
36500
36511
36521
36530
36540
36551
36560
36570
36579
36589
36600
36609
36619
36629
36639
36649
36659
36668
36679
36689
36698
36708
36719
36728
36738
36748
36757
36768
36777
36787
36797
36807
36817
36827
36836
36847
36857
36866
36876
36886
36896
36906
36916
36925
36936
36945
36955
36965
36975
36985
36995
37004
37014
37025
37034
37044
37054
37064
37074
37084
37093
37104
37114
37123
37133
37142
37153
37163
37172
37182
37193
37202
37212
37222
37232
37242
37252
37261
37271
37282
37291
37301
37310
37321
37331
37340
37350
37361
37370
37380
37390
37399
37410
37420
37429
37439
37450
37459
37469
37478
37489
37499
37508
37518
37529
37538
37548
37558
37567
37578
37588
37597
37607
37618
37627
37637
37647
37657
37667
37676
37686
37696
37706
37716
37726
37735
37746
37756
37765
37775
37786
37795
37805
37815
37824
37835
37845
37854
37864
37874
37884
37894
37903
37914
37924
37933
37943
37953
37963
37973
37983
37992
38003
38013
38022
38032
38042
38052
38062
38071
38081
38092
38101
38111
38121
38131
38141
38151
38160
38171
38181
38190
38200
38209
38220
38230
38239
38249
38260
38269
38279
38289
38299
38309
38319
38328
38338
38349
38358
38368
38378
38388
38398
38407
38417
38428
38437
38447
38457
38466
38477
38487
38496
38506
38517
38526
38536
38546
38556
38566
38575
38585
38596
38605
38615
38625
38634
38645
38655
38664
38674
38685
38694
38704
38714
38724
38734
38743
38753
38763
38773
38783
38793
38802
38813
38823
38832
38842
38853
38862
38872
38882
38891
38902
38912
38921
38931
38941
38951
38961
38970
38981
38991
39000
39010
39020
39030
39040
39050
39059
39070
39080
39089
39099
39109
39119
39129
39138
39148
39159
39168
39178
39188
39198
39208
39218
39227
39238
39248
39257
39267
39277
39287
39297
39306
39316
39327
39336
39346
39356
39366
39376
39386
39395
39405
39416
39425
39435
39445
39455
39465
39474
39484
39495
39504
39514
39524
39533
39544
39554
39563
39573
39584
39593
39603
39613
39623
39633
39643
39652
39663
39672
39682
39692
39701
39712
39722
39731
39741
39752
39761
39771
39781
39791
39801
39811
39820
39830
39840
39850
39860
39869
39880
39890
39899
39909
39920
39929
39939
39949
39958
39969
39979
39988
39998
40008
40018
40028
40037
40048
40058
40067
40077
40087
40097
40107
40117
40126
40137
40147
40156
40166
40177
40186
40196
40205
40215
40226
40235
40245
40255
40265
40275
40285
40294
40305
40315
40324
40334
40345
40354
40364
40373
40383
40394
40403
40413
40423
40433
40443
40453
40462
40473
40483
40492
40502
40512
40522
40532
40542
40551
40562
40571
40581
40591
40601
40611
40621
40630
40640
40651
40660
40670
40680
40690
40700
40710
40719
40730
40739
40749
40759
40768
40779
40789
40798
40808
40819
40828
40838
40848
40858
40868
40878
40887
40897
40908
40917
40927
40936
40947
40957
40966
40976
40987
40996
41006
41016
41025
41036
41046
41055
41065
41076
41085
41095
41104
41115
41125
41134
41144
41154
41164
41174
41184
41193
41204
41214
41223
41233
41244
41253
41263
41273
41282
41293
41302
41312
41322
41332
41342
41352
41361
41372
41382
41391
41401
41412
41421
41431
41441
41450
41461
41470
41480
41490
41500
41510
41520
41529
41540
41550
41559
41569
41579
41589
41599
41609
41618
41629
41638
41648
41658
41668
41678
41688
41697
41707
41718
41727
41737
41747
41757
41767
41777
41786
41797
41807
41816
41826
41835
41846
41856
